log(M*/h^-2M_sun),logr_{1/2},err_logr_{1/2},log(M200c/h^-1 M_sun),logR200c,logR200c_up,logR200c_down
8.15,0.13153702268773798,0.03854916110408171,11.020066983059426,2.007494825741064,1.9310314487598115,2.0578529875971814
8.450000000000001,0.2153042916404554,0.041655762435000736,11.142517020661153,2.0483115049416396,1.9833424788745087,2.0942441921810935
8.750000000000002,0.3623685198706058,0.015860652012745096,11.271420382818041,2.091279292327269,2.036267324697008,2.1330707183013913
9.050000000000002,0.43746063867543583,0.015957924421785157,11.409520337284544,2.1373126104827698,2.091148810788781,2.1749697614768384
9.350000000000003,0.5013393720742014,0.008035349359881181,11.560036407032888,2.187484633732218,2.1493308094497148,2.221107522653362
9.650000000000004,0.5111867195237239,0.005027991269463404,11.728502593310559,2.243640029158108,2.212604425967911,2.273113548201888
9.950000000000005,0.5671204707458654,0.0033610636394648887,11.92407706934821,2.3088315211706583,2.284211708693816,2.334034491897572
10.250000000000005,0.6749852468551911,0.0028612487520264106,12.164339280790424,2.38891892498473,2.369993730298639,2.4098573061060935
10.550000000000006,0.8238047738362282,0.0029835464259737586,12.483377182935339,2.495264892366368,2.47816312546779,2.5134882585592915
10.850000000000007,0.9748181264947556,0.00413904660004825,12.928335788625484,2.6435844275964167,2.624377912657985,2.667518014086034
11.150000000000007,1.1840762373710962,0.01360737762832717,13.537959133783549,2.8467922093157716,2.8162931427913436,2.916819316753906
