#logM* logM200c logM200c_up logM200c_down
8.0 10.960404810689129 10.711641943258085 11.11876967231659
8.04040404040404 10.976403634459123 10.733013196136598 11.13275006830676
8.080808080808081 10.992451579182656 10.754318084760671 11.146821394829162
8.121212121212121 11.008555346260746 10.775566450376074 11.16098775460759
8.16161616161616 11.024721637094421 10.796768134228591 11.175253250365834
8.202020202020202 11.040957153084703 10.817932977564013 11.189621984827705
8.242424242424242 11.057268595632607 10.83907082162811 11.204098060716982
8.282828282828284 11.073662666139167 10.860191507666674 11.218685580757468
8.323232323232324 11.09014606600539 10.881304876925476 11.23338864767296
8.363636363636363 11.106725496632311 10.90242077065031 11.24821136418725
8.404040404040405 11.123407659420947 10.923549030086953 11.263157833024138
8.444444444444445 11.140199255772316 10.944699496481187 11.278232156907414
8.484848484848484 11.157106987087445 10.965882011078797 11.293438438560877
8.525252525252526 11.174137554767354 10.987106415125556 11.308780780708322
8.565656565656566 11.191297660213065 11.00838254986726 11.324263286073544
8.606060606060606 11.208594004825603 11.02972025654968 11.33989005738034
8.646464646464647 11.226033290005988 11.051129376418604 11.355665197352504
8.686868686868687 11.243622217155236 11.072619750719817 11.371592808713832
8.727272727272727 11.261367487674379 11.094201220699093 11.38767699418812
8.767676767676768 11.279275802964431 11.115883627602217 11.403921856499162
8.808080808080808 11.297353864426416 11.137676812674975 11.420331500764856
8.848484848484848 11.315608373461359 11.159590617163143 11.436911495455352
8.88888888888889 11.334046031470281 11.181634882312508 11.45367135671816
8.929292929292929 11.352673539854202 11.203819449368853 11.470621259731486
8.969696969696969 11.371497600014145 11.226154159577952 11.487771379673555
9.01010101010101 11.390524913351133 11.248648854185598 11.505131891722591
9.05050505050505 11.409762181266185 11.27131337443757 11.522712971056803
9.090909090909092 11.429216362033468 11.294157561579643 11.54052479285442
9.131313131313131 11.448898786712734 11.317191256857608 11.558577532293652
9.171717171717171 11.468824445556397 11.340424301517244 11.576881364552719
9.212121212121213 11.48900844154991 11.36386653680433 11.595446464809841
9.252525252525253 11.509465877678718 11.387527803964655 11.614283008243241
9.292929292929292 11.530211856928275 11.411417944243995 11.63340117003113
9.333333333333334 11.551261482284035 11.435547607367809 11.652811125351734
9.373737373737374 11.572629856731442 11.459935215365103 11.672523049383269
9.414141414141415 11.594332083255944 11.484603526930105 11.692548061702622
9.454545454545455 11.616383264842995 11.509575347891726 11.712906522280967
9.494949494949495 11.638798504478046 11.534873484078886 11.733624019206166
9.535353535353536 11.66159290514655 11.560520741320495 11.754726199974272
9.575757575757576 11.684781649657168 11.586539925445466 11.776238712081334
9.616161616161616 11.708387066514605 11.61295384228271 11.7981872030234
9.656565656565657 11.732444181931225 11.639785297661152 11.820597320296521
9.696969696969697 11.756989328747402 11.667057097409689 11.843494711396747
9.737373737373737 11.782058839803517 11.694793027888439 11.866905023820125
9.777777777777779 11.807689047939954 11.723031746876671 11.89085390506271
9.818181818181818 11.833916285997095 11.751823463240113 11.915367002620538
9.858585858585858 11.860776886815321 11.78121868899169 11.940469971467817
9.8989898989899 11.888307183235012 11.81126793614433 11.966199390890651
9.93939393939394 11.916543508096554 11.842021716710953 11.992624629590146
9.97979797979798 11.945522357080804 11.873530542704483 12.019821182591729
10.02020202020202 11.975298737269519 11.905844926137846 12.047864544920813
10.06060606060606 12.005962983560103 11.939015379061004 12.07683021160281
10.1010101010101 12.037609404027826 11.973093967445259 12.10679367766313
10.141414141414142 12.07033230674797 12.008138444782503 12.137830438127192
10.181818181818182 12.104225999795798 12.044207865449419 12.170015988020406
10.222222222222221 12.139384791246588 12.081361283822678 12.203425901291604
10.262626262626263 12.175902989175611 12.119657754278958 12.238160681778114
10.303030303030303 12.213874970406318 12.159156331194934 12.274381151897604
10.343434343434343 12.253397448781412 12.199916071291726 12.312257076901371
10.383838383838384 12.294569993005064 12.242012028938746 12.35195822204073
10.424242424242424 12.337492345400385 12.28557344002917 12.393654352566976
10.464646464646465 12.382264248290486 12.330740999863973 12.437515233731421
10.505050505050505 12.42898544399847 12.377655403744114 12.483710399961772
10.545454545454547 12.477756787574199 12.426457346970569 12.532405527327551
10.585858585858587 12.528717454889948 12.477287855512616 12.583763100187745
10.626262626262626 12.582053720716543 12.530301206267977 12.637945506912938
10.666666666666668 12.63795475161254 12.585669122338626 12.695115135873708
10.707070707070708 12.69660971413649 12.6435645164995 12.755447789612022
10.747474747474747 12.75820147723013 12.704160301525565 12.819287290823974
10.787878787878789 12.822842777631243 12.76760893666705 12.887091888714595
10.828282828282829 12.890602525240308 12.833915839315214 12.959322029590021
10.868686868686869 12.961548960726702 12.90302210153251 13.036455587852522
10.90909090909091 13.035729683591972 12.974868544307675 13.119103120799357
10.94949494949495 13.113046835553993 13.04934547082301 13.207936206857994
10.98989898989899 13.193340039486934 13.126139721728025 13.303575312391107
11.030303030303031 13.276449738328344 13.204886921820705 13.406147171271972
11.070707070707071 13.36223993991295 13.285228007446104 13.515502362027936
11.11111111111111 13.450597748820712 13.36687290897102 13.631284293729289
11.151515151515152 13.541406791484771 13.449579770971154 13.752684082839025
11.191919191919192 13.634462255439864 13.5331099648044 13.878757844343136
11.232323232323232 13.729477951741432 13.617281154770932 14.008270226588433
11.272727272727273 13.826174154414748 13.701970095562181 14.140126195006255
11.313131313131313 13.924349264148029 13.78705776599705 14.274139622460464
11.353535353535353 14.023840075538358 13.87247650982363 14.410315064524227
11.393939393939394 14.12448359778404 13.958223152794298 14.548456576620993
11.434343434343434 14.226116696712241 14.044298282030047 14.688383335169496
11.474747474747474 14.328577574799311 14.130688232626355 14.830092544811428
11.515151515151516 14.431728854324298 14.217359948646182 14.973421607545
11.555555555555555 14.535454271841472 14.304279207933778 15.117831813700592
11.595959595959597 14.63968506360602 14.391421756831667 15.263105247342223
11.636363636363637 14.744526688718008 14.47877712669121 15.40949924620219
11.676767676767676 14.850117548091827 14.566336225477526 15.556989835218525
11.717171717171718 14.95642935763055 14.654105944045313 15.705270282906552
11.757575757575758 15.063271390827195 14.74211500656718 15.854023869162903
11.7979797979798 15.170493894456463 14.83039362476095 16.00293387388423
11.83838383838384 15.27812983443447 14.918968460311465 16.15168357696718
11.878787878787879 15.386252826145903 15.00786140507769 16.299956258308413
11.91919191919192 15.494871836633028 15.097093263261733 16.447435197804538
11.95959595959596 15.603934486673687 15.186654880880724 16.593803675352177
12.0 15.713385974672295 15.276497773465731 16.738744970848074
